SRR13258790.550986	CP135021.1	248	248	1	248	4.83e-124	459	1470492
SRR13258790.536414	OZ370385.1	246	246	1	246	1.06e-105	398	384675
SRR13258790.127913	OU899034.1	246	236	1	236	1.72e-88	340	80765
SRR13258790.712963	CP135021.1	287	287	1	287	2.59e-142	520	1470492
SRR13258790.96377	CP135018.1	273	273	1	273	1.15e-130	481	1470492
SRR13258790.229259	CP135021.1	277	271	1	271	1.49e-124	460	1470492
SRR13258790.590906	CP135021.1	348	348	1	348	6.64e-174	625	1470492
SRR13258790.348601	CP135021.1	268	268	1	268	3.14e-131	483	1470492
SRR13258790.2143	OU899036.1	241	249	9	247	5.40e-49	209	80765
SRR13258790.544781	CP135018.1	337	335	1	335	8.29e-168	604	1470492
SRR13258790.198650	CP135022.1	198	201	1	198	3.94e-94	359	1470492
SRR13258790.622832	XM_050196911.1	235	253	1	233	1.17e-55	231	80765
SRR13258790.82086	CP135021.1	242	242	1	242	4.73e-119	442	1470492
SRR13258790.209760	CP135021.1	387	387	1	387	0.0	715	1470492
SRR13258790.669927	CP135021.1	249	247	1	247	3.77e-115	429	1470492
SRR13258790.335780	CP135021.1	230	230	1	230	4.48e-114	425	1470492
SRR13258790.183962	CP135018.1	308	306	1	306	9.88e-152	551	1470492
SRR13258790.532946	OZ413324.1	362	348	1	348	5.51e-125	462	3350012
